Tuning Results:

arithmetic
Train Epochs    Score (dev)     NumSamples
2               0.230           100
4               0.280           100
6               0.340           100
8               0.360           100
10              0.460           100
12              0.460           100
14              0.410           100
16              0.510           100
18              0.410           100
20              0.440           100
----------------------------------------------------

mapreader
Train Epochs    Score (dev)     NumSamples
2               0.445           100
4               0.520           100
6               0.665           100
8               0.610           100
10              0.615           100
12              0.535           100
14              0.695           100
16              0.600           100
18              0.700           100
20              0.695           100
----------------------------------------------------

sorting
Train Epochs    Score (dev)     NumSamples
2               0.204           100
4               0.547           100
6               0.650           100
8               0.680           100
10              0.590           100
12              0.650           100
14              0.750           100
16              0.700           100
18              0.650           100
20              0.760           100
----------------------------------------------------

twc
Train Epochs    Score (dev)     NumSamples
2               0.530           100
4               0.750           100
6               0.600           100
8               0.860           100
10              0.775           100
12              0.830           100
14              0.830           100
16              0.815           100
18              0.830           100
20              0.830           100
----------------------------------------------------
