Tuning Results:

arithmetic
Train Epochs    Score (dev)     NumSamples
2               1.000           100
4               1.000           100
6               1.000           100
8               0.990           100
10              1.000           100
12              0.990           100
14              0.990           100
16              0.990           100
18              1.000           100
20              1.000           100
----------------------------------------------------

mapreader-random
Train Epochs    Score (dev)     NumSamples
2               1.000           100
4               1.000           100
6               0.970           100
8               0.985           100
10              0.995           100
12              0.995           100
14              0.975           100
16              1.000           100
18              0.975           100
20              1.000           100
----------------------------------------------------

sorting
Train Epochs    Score (dev)     NumSamples
2               0.830           100
4               0.980           100
6               0.980           100
8               0.990           100
10              1.000           100
12              1.000           100
14              1.000           100
16              0.990           100
18              0.990           100
20              0.990           100
----------------------------------------------------

twc
Train Epochs    Score (dev)     NumSamples
2               0.790           100
4               0.930           100
6               0.930           100
8               0.935           100
10              0.990           100
12              0.950           100
14              1.000           100
16              0.935           100
18              0.880           100
20              0.990           100
----------------------------------------------------
